   16.2000008         11.4799995    
   16.5999985         0.00000000    
   17.0000000         0.00000000    
   17.4000015         0.00000000    
   17.7999992         0.00000000    
   18.2000008         0.00000000    
   18.5999985         0.00000000    
   19.0000000         0.00000000    
   19.4000015         0.00000000    
   19.7999992         0.00000000    
   20.2000008         0.00000000    
   20.5999985         0.00000000    
   21.0000000         0.00000000    
   21.4000015         0.00000000    
   21.7999992         0.00000000    
   22.2000008         0.00000000    
   22.5999985         0.00000000    
   23.0000000         0.00000000    
   23.4000015         0.00000000    
   23.7999992         88.5199966    
